tomato 0 0 0 0 1454 84 1565 0 0 0 0 0 0 0
tomato 0 0 0 6 1327 105 1448 0 0 0 0 0 0 0
tomato 0 0 0 220 952 390 1066 0 0 0 0 0 0 0
tomato 0 0 0 261 384 386 482 0 0 0 0 0 0 0
tomato 0 0 0 393 346 517 457 0 0 0 0 0 0 0
tomato 0 0 0 415 1234 550 1332 0 0 0 0 0 0 0
tomato 0 0 0 420 1398 579 1571 0 0 0 0 0 0 0
tomato 0 0 0 422 23 507 102 0 0 0 0 0 0 0
tomato 0 0 0 527 1483 682 1609 0 0 0 0 0 0 0
tomato 0 0 0 556 589 618 641 0 0 0 0 0 0 0
tomato 0 0 0 608 1362 758 1460 0 0 0 0 0 0 0
tomato 0 0 0 681 115 724 154 0 0 0 0 0 0 0
tomato 0 0 0 697 78 747 134 0 0 0 0 0 0 0
tomato 0 0 0 720 128 754 169 0 0 0 0 0 0 0
tomato 0 0 0 723 585 753 615 0 0 0 0 0 0 0
tomato 0 0 0 749 567 783 613 0 0 0 0 0 0 0
tomato 0 0 0 770 444 843 521 0 0 0 0 0 0 0
tomato 0 0 0 779 515 841 550 0 0 0 0 0 0 0
tomato 0 0 0 888 1187 1008 1289 0 0 0 0 0 0 0
tomato 0 0 0 897 1146 995 1216 0 0 0 0 0 0 0
tomato 0 0 0 981 1219 1111 1359 0 0 0 0 0 0 0
tomato 0 0 0 995 1343 1134 1446 0 0 0 0 0 0 0
tomato 0 0 0 1106 1310 1202 1434 0 0 0 0 0 0 0
tomato 0 0 0 1140 446 1212 517 0 0 0 0 0 0 0
tomato 0 0 0 1185 543 1247 605 0 0 0 0 0 0 0
tomato 0 0 0 1231 518 1275 585 0 0 0 0 0 0 0
tomato 0 0 0 1327 1394 1452 1516 0 0 0 0 0 0 0
tomato 0 0 0 1409 816 1513 926 0 0 0 0 0 0 0
tomato 0 0 0 1480 906 1539 980 0 0 0 0 0 0 0
tomato 0 0 0 1575 907 1638 966 0 0 0 0 0 0 0
tomato 0 0 0 1677 361 1723 420 0 0 0 0 0 0 0
tomato 0 0 0 1727 244 1838 382 0 0 0 0 0 0 0
tomato 0 0 0 1836 1219 1956 1364 0 0 0 0 0 0 0
tomato 0 0 0 1842 1339 1947 1444 0 0 0 0 0 0 0
tomato 0 0 0 1938 1335 2074 1434 0 0 0 0 0 0 0
tomato 0 0 0 1959 1232 2109 1346 0 0 0 0 0 0 0
tomato 0 0 0 2149 918 2274 1025 0 0 0 0 0 0 0
tomato 0 0 0 2150 1116 2252 1198 0 0 0 0 0 0 0
tomato 0 0 0 2224 553 2266 606 0 0 0 0 0 0 0
tomato 0 0 0 2250 928 2340 1014 0 0 0 0 0 0 0
tomato 0 0 0 2255 572 2323 651 0 0 0 0 0 0 0
tomato 0 0 0 2294 500 2361 562 0 0 0 0 0 0 0
tomato 0 0 0 2299 418 2390 496 0 0 0 0 0 0 0
tomato 0 0 0 2303 582 2361 659 0 0 0 0 0 0 0
tomato 0 0 0 2322 535 2413 603 0 0 0 0 0 0 0
tomato 0 0 0 2374 335 2504 432 0 0 0 0 0 0 0
