tomato 0 0 0 1 1305 150 1416 0 0 0 0 0 0 0
tomato 0 0 0 1 1414 129 1530 0 0 0 0 0 0 0
tomato 0 0 0 71 838 196 910 0 0 0 0 0 0 0
tomato 0 0 0 82 753 209 845 0 0 0 0 0 0 0
tomato 0 0 0 290 518 327 560 0 0 0 0 0 0 0
tomato 0 0 0 295 1453 447 1607 0 0 0 0 0 0 0
tomato 0 0 0 324 527 372 567 0 0 0 0 0 0 0
tomato 0 0 0 326 554 370 582 0 0 0 0 0 0 0
tomato 0 0 0 327 816 413 894 0 0 0 0 0 0 0
tomato 0 0 0 338 1573 479 1696 0 0 0 0 0 0 0
tomato 0 0 0 385 893 451 937 0 0 0 0 0 0 0
tomato 0 0 0 420 1443 561 1587 0 0 0 0 0 0 0
tomato 0 0 0 447 1578 568 1678 0 0 0 0 0 0 0
tomato 0 0 0 602 978 722 1084 0 0 0 0 0 0 0
tomato 0 0 0 610 887 739 990 0 0 0 0 0 0 0
tomato 0 0 0 691 1041 796 1113 0 0 0 0 0 0 0
tomato 0 0 0 703 924 822 1032 0 0 0 0 0 0 0
tomato 0 0 0 704 684 741 721 0 0 0 0 0 0 0
tomato 0 0 0 859 999 907 1036 0 0 0 0 0 0 0
tomato 0 0 0 875 567 931 626 0 0 0 0 0 0 0
tomato 0 0 0 907 287 959 330 0 0 0 0 0 0 0
tomato 0 0 0 1172 1304 1234 1402 0 0 0 0 0 0 0
tomato 0 0 0 1177 1207 1295 1321 0 0 0 0 0 0 0
tomato 0 0 0 1206 320 1254 363 0 0 0 0 0 0 0
tomato 0 0 0 1287 829 1342 908 0 0 0 0 0 0 0
tomato 0 0 0 1315 825 1411 923 0 0 0 0 0 0 0
tomato 0 0 0 1343 1074 1373 1104 0 0 0 0 0 0 0
tomato 0 0 0 1358 741 1434 834 0 0 0 0 0 0 0
tomato 0 0 0 1428 134 1486 222 0 0 0 0 0 0 0
tomato 0 0 0 1450 161 1563 259 0 0 0 0 0 0 0
tomato 0 0 0 1479 103 1536 175 0 0 0 0 0 0 0
tomato 0 0 0 1520 5 1588 54 0 0 0 0 0 0 0
tomato 0 0 0 1538 130 1597 187 0 0 0 0 0 0 0
tomato 0 0 0 1556 1036 1629 1116 0 0 0 0 0 0 0
tomato 0 0 0 1627 1482 1743 1607 0 0 0 0 0 0 0
tomato 0 0 0 1706 1452 1827 1573 0 0 0 0 0 0 0
tomato 0 0 0 1783 78 1817 114 0 0 0 0 0 0 0
tomato 0 0 0 1785 897 1822 934 0 0 0 0 0 0 0
tomato 0 0 0 1799 102 1838 130 0 0 0 0 0 0 0
tomato 0 0 0 1819 66 1847 104 0 0 0 0 0 0 0
tomato 0 0 0 1878 895 1940 943 0 0 0 0 0 0 0
tomato 0 0 0 1901 865 1968 917 0 0 0 0 0 0 0
tomato 0 0 0 1904 1357 2068 1511 0 0 0 0 0 0 0
tomato 0 0 0 2159 969 2248 1049 0 0 0 0 0 0 0
tomato 0 0 0 2218 907 2363 1028 0 0 0 0 0 0 0
tomato 0 0 0 2259 1012 2402 1098 0 0 0 0 0 0 0
tomato 0 0 0 2404 144 2511 246 0 0 0 0 0 0 0
