tomato 0 0 0 6 1135 170 1259 0 0 0 0 0 0 0
tomato 0 0 0 45 991 206 1134 0 0 0 0 0 0 0
tomato 0 0 0 167 3 222 39 0 0 0 0 0 0 0
tomato 0 0 0 225 2 321 45 0 0 0 0 0 0 0
tomato 0 0 0 242 1641 415 1722 0 0 0 0 0 0 0
tomato 0 0 0 353 95 387 138 0 0 0 0 0 0 0
tomato 0 0 0 354 61 396 100 0 0 0 0 0 0 0
tomato 0 0 0 387 78 438 123 0 0 0 0 0 0 0
tomato 0 0 0 393 1035 446 1077 0 0 0 0 0 0 0
tomato 0 0 0 408 1612 517 1722 0 0 0 0 0 0 0
tomato 0 0 0 422 1078 459 1114 0 0 0 0 0 0 0
tomato 0 0 0 454 1055 497 1103 0 0 0 0 0 0 0
tomato 0 0 0 495 998 543 1025 0 0 0 0 0 0 0
tomato 0 0 0 513 959 564 1006 0 0 0 0 0 0 0
tomato 0 0 0 681 998 743 1049 0 0 0 0 0 0 0
tomato 0 0 0 705 1051 754 1098 0 0 0 0 0 0 0
tomato 0 0 0 788 1109 936 1244 0 0 0 0 0 0 0
tomato 0 0 0 906 1148 1015 1260 0 0 0 0 0 0 0
tomato 0 0 0 927 984 1072 1130 0 0 0 0 0 0 0
tomato 0 0 0 1202 84 1315 194 0 0 0 0 0 0 0
tomato 0 0 0 1234 218 1334 321 0 0 0 0 0 0 0
tomato 0 0 0 1287 274 1340 349 0 0 0 0 0 0 0
tomato 0 0 0 1324 302 1388 367 0 0 0 0 0 0 0
tomato 0 0 0 1376 662 1418 700 0 0 0 0 0 0 0
tomato 0 0 0 1500 1166 1553 1218 0 0 0 0 0 0 0
tomato 0 0 0 1550 933 1627 1008 0 0 0 0 0 0 0
tomato 0 0 0 1572 990 1638 1055 0 0 0 0 0 0 0
tomato 0 0 0 1588 1061 1612 1107 0 0 0 0 0 0 0
tomato 0 0 0 1608 1039 1663 1108 0 0 0 0 0 0 0
tomato 0 0 0 1647 1187 1777 1359 0 0 0 0 0 0 0
tomato 0 0 0 1663 1143 1724 1193 0 0 0 0 0 0 0
tomato 0 0 0 1686 1312 1829 1493 0 0 0 0 0 0 0
tomato 0 0 0 1792 1491 1868 1583 0 0 0 0 0 0 0
tomato 0 0 0 1890 478 2049 628 0 0 0 0 0 0 0
tomato 0 0 0 1917 625 2092 780 0 0 0 0 0 0 0
tomato 0 0 0 2058 531 2146 680 0 0 0 0 0 0 0
tomato 0 0 0 2074 700 2193 814 0 0 0 0 0 0 0
tomato 0 0 0 2117 612 2254 730 0 0 0 0 0 0 0
